calibration_data\images\calibration_001.jpg 103.235474 633.7052 573.583679 179.734848 0.834654 -89.051025
calibration_data\images\calibration_002.jpg 3.235471 663.7052 573.583679 179.734848 0.834654 -89.051025
calibration_data\images\calibration_003.jpg 103.235474 663.7052 573.583679 179.734848 0.834654 -89.051025
calibration_data\images\calibration_004.jpg 153.235474 633.7052 573.583679 179.734848 0.834654 -89.051025
calibration_data\images\calibration_005.jpg 3.235471 663.7052 573.583679 179.734848 0.834654 -89.051025
calibration_data\images\calibration_006.jpg 153.235474 663.7052 573.583679 179.734848 0.834654 -89.051025
calibration_data\images\calibration_007.jpg 103.235474 633.7052 473.583679 179.734848 0.834654 -89.051025
calibration_data\images\calibration_008.jpg 3.235471 663.7052 473.583679 179.734848 0.834654 -89.051025
calibration_data\images\calibration_009.jpg 103.235474 663.7052 473.583679 179.734848 0.834654 -89.051025
calibration_data\images\calibration_010.jpg 153.235474 633.7052 473.583679 179.734848 0.834654 -89.051025
calibration_data\images\calibration_011.jpg 3.235471 663.7052 473.583679 179.734848 0.834654 -89.051025
calibration_data\images\calibration_012.jpg 153.235474 663.7052 473.583679 179.734848 0.834654 -89.051025
calibration_data\images\calibration_013.jpg 103.235474 633.7052 423.583679 179.734848 0.834654 -89.051025
calibration_data\images\calibration_014.jpg 3.235471 663.7052 423.583679 179.734848 0.834654 -89.051025
calibration_data\images\calibration_015.jpg 103.235474 663.7052 423.583679 179.734848 0.834654 -89.051025
calibration_data\images\calibration_016.jpg 153.235474 633.7052 423.583679 179.734848 0.834654 -89.051025
calibration_data\images\calibration_017.jpg 3.235471 663.7052 423.583679 179.734848 0.834654 -89.051025
calibration_data\images\calibration_018.jpg 153.235474 663.7052 423.583679 179.734848 0.834654 -89.051025
calibration_data\images\calibration_019.jpg 3.235471 633.7052 573.583679 179.734848 0.834654 -89.051025
